10 0.23459209120057 0.6922871630637843 0.38867117919487 0.3389378169202028
10 0.7605985037406484 0.6633306645316253 0.36765229782686143 0.31892180410995463
10 0.681599572497328 0.5443021083533494 0.2566797292483078 0.21697357886309046
10 0.3266832917705736 0.5645850013344008 0.27039543997149984 0.23085134774486255
10 0.6415211970074813 0.48251934881238323 0.1993231207695048 0.16439818521483854
10 0.37281795511221943 0.49799839871897517 0.20912005700035624 0.17240459033893782
10 0.4029212682579266 0.4512943688283961 0.16921980762379765 0.13023752335201494
10 0.42153544709654434 0.4198025086736055 0.15016031350195938 0.10194822524686416
10 0.6163163519771998 0.4455564451561249 0.16494478090488066 0.1347744862556712
10 0.596722479515497 0.4208700293568188 0.13893836836480228 0.11422471310381639
10 0.4570716066975419 0.3808380037363224 0.10438190238688992 0.06672004270082733
10 0.482009262557891 0.34240725914064585 0.06804417527609548 0.04376834801174273
10 0.5296579978624867 0.36202295169468907 0.0885286783042394 0.0515078729650387
10 0.5949412183826149 0.3396050173472111 0.056287851799073745 0.04243394715772618