7 0.1384375 0.9125117591721543 0.275625 0.17497648165569143
7 0.62625 0.7911571025399812 0.36125 0.23142050799623706
7 0.1159375 0.464722483537159 0.230625 0.14299153339604892
7 0.8459375 0.3047977422389464 0.231875 0.12605832549388524
7 0.5871875 0.36124176857949203 0.234375 0.1317027281279398
7 0.926875 0.11288805268109126 0.14625 0.08842897460018814
7 0.7865625 0.14863593603010347 0.174375 0.09407337723424271
7 0.45875 0.2041392285983067 0.175 0.09971777986829727
7 0.2140625 0.24553151458137348 0.173125 0.10348071495766697
7 0.5715625 0.05503292568203198 0.130625 0.08372530573847602
7 0.409375 0.0799623706491063 0.13375 0.08842897460018814
7 0.1209375 0.1213546566321731 0.133125 0.09219190968955786